tree
version=v4
num_class=1
num_tree_per_iteration=1
label_index=0
max_feature_idx=3
objective=quantile
feature_names=Column_0 Column_1 Column_2 Column_3
feature_infos=[-1.8417350377917323:2.5369295701318877] [-2.6135594633452581:2.015516053475408] [-3.2514384154965383:2.0251609868801026] [-2.8195694177983159:2.2577305324275314]
tree_sizes=789 795 769 801 795 791 782 795 778 745 787 764

Tree=0
num_leaves=7
num_cat=0
split_feature=0 0 1 1 1 0
split_gain=14.4488 2.31088 5.91092 2.23339 0.874289 0.915126
threshold=-0.10898048416035379 0.36737117924524326 -0.21658645662688827 0.96154693085029541 1.0000000180025095e-35 -0.90512112973436054
decision_type=2 2 2 2 2 2
left_child=3 2 -2 4 -1 -6
right_child=1 -3 -4 -5 5 -7
leaf_value=-0.25091792345046998 -0.1930830493569374 -0.054579564929008478 -0.079481440782546986 -0.10058713853359222 -0.18711695373058318 -0.14808906726539134
leaf_weight=41 12.000000000000002 36 17 4.9999999999999991 10.000000000000002 6.9999999999999991
leaf_count=41 12 36 17 5 10 7
internal_value=-0.157968 -0.124891 -0.145899 -0.192095 -0.197623 -0.178556
internal_weight=128 65 29 63 58 17
internal_count=128 65 29 63 58 17
is_linear=0
shrinkage=1


Tree=1
num_leaves=7
num_cat=0
split_feature=0 1 0 1 2 1
split_gain=10.716 4.10256 4.71154 2.01773 0.877321 0.83502
threshold=-0.10898048416035379 -0.42964195659544685 0.73419105969855625 0.96154693085029541 -1.7106683061913077 -0.11467821544472291
decision_type=2 2 2 2 2 2
left_child=3 2 -2 4 -1 -6
right_child=1 -3 -4 -5 5 -7
leaf_value=0.0023980137705802932 -0.0098436462134122854 0.11302645891904831 0.059923327863216407 0.051642600595951084 -0.098964725732803349 -0.019399240314960483
leaf_weight=5.9999999999999991 16.000000000000004 39 9.9999999999999982 4.9999999999999991 33 19
leaf_count=6 16 39 10 5 33 19
internal_value=-0.0015625 0.0269231 -0.00384615 -0.0309524 -0.0362069 -0.0403846
internal_weight=128 65 26 63 58 52
internal_count=128 65 26 63 58 52
is_linear=0
shrinkage=0.1


Tree=2
num_leaves=7
num_cat=0
split_feature=0 1 0 1 0 1
split_gain=10.5593 6.33827 4.49556 1.51936 0.9 0.716327
threshold=-0.29474513363949434 -0.71712647459235401 0.84291185256687362 0.566188742739132 -0.76231024284561133 -0.21658645662688827
decision_type=2 2 2 2 2 2
left_child=3 2 -2 -1 -5 -3
right_child=1 5 -4 4 -6 -7
leaf_value=-0.05812495183944702 -0.022748894967138767 0.01821081216260791 0.050146708101034165 -0.030178558319807054 0.043280610948801042 0.10172381302714349
leaf_weight=44 18.000000000000004 9.9999999999999982 6.9999999999999991 5 4.9999999999999982 39
leaf_count=44 18 10 7 5 5 39
internal_value=-0.0015625 0.022973 -0.018 -0.0351852 0 0.0438776
internal_weight=128 74 25 54 10 49
internal_count=128 74 25 54 10 49
is_linear=0
shrinkage=0.1


Tree=3
num_leaves=7
num_cat=0
split_feature=0 1 0 1 2 2
split_gain=10.1363 3.79653 3.5711 1.91401 1.75088 0.9375
threshold=-0.10898048416035379 -0.19156345871722549 0.52057366616698186 0.96154693085029541 -1.7106683061913077 -0.1743245456606928
decision_type=2 2 2 2 2 2
left_child=3 2 5 4 -1 -2
right_child=1 -3 -4 -5 -6 -7
leaf_value=0.004153919377364217 -0.01568075416460633 0.11151659802496434 0.050440669690445063 0.042150279441475869 -0.050915943670272829 -0.017568085762299596
leaf_weight=5.9999999999999991 6.0000000000000027 34 14.999999999999998 4.9999999999999991 52 10.000000000000002
leaf_count=6 6 34 15 5 52 10
internal_value=-0.00078125 0.0269231 0.0016129 -0.0293651 -0.0344828 -0.03125
internal_weight=128 65 31 63 58 16
internal_count=128 65 31 63 58 16
is_linear=0
shrinkage=0.1


Tree=4
num_leaves=7
num_cat=0
split_feature=0 1 0 1 0 2
split_gain=7.77347 4.62904 3.83523 1.13719 2.17026 0.952381
threshold=-0.29474513363949434 -0.78724086506672131 0.84291185256687362 -0.19156345871722549 -0.90512112973436054 -1.0000000180025095e-35
decision_type=2 2 2 2 2 2
left_child=3 2 -2 -1 -5 -6
right_child=1 -3 -4 4 5 -7
leaf_value=-0.080846611042022704 -0.031247150224586951 0.056806594424545769 0.031923586850874125 -0.023308147363066675 -0.0019666633602976797 0.034737521909773354
leaf_weight=29 16.000000000000004 52 5.9999999999999991 13.000000000000002 7 4.9999999999999982
leaf_count=29 16 52 6 13 7 5
internal_value=-0.00078125 0.0202703 -0.0181818 -0.0296296 -0.014 0.0166667
internal_weight=128 74 22 54 25 12
internal_count=128 74 22 54 25 12
is_linear=0
shrinkage=0.1


Tree=5
num_leaves=7
num_cat=0
split_feature=0 1 0 2 1 2
split_gain=9.0248 6.97307 3.9008 1.6125 0.683248 0.992063
threshold=0.36737117924524326 -0.19156345871722549 -0.90512112973436054 -1.3247076007250842 0.32675775603878104 -0.77983945874503735
decision_type=2 2 2 2 2 2
left_child=1 3 -3 -1 5 -4
right_child=-2 2 4 -5 -6 -7
leaf_value=0.00024955200032797387 0.069918632973372932 -0.020977332626760006 0.017076301836758852 -0.052918632526756264 0.047226046645432708 -0.0041817293298542502
leaf_weight=4.9999999999999991 36 12.999999999999998 4.9999999999999991 43 17 9.0000000000000018
leaf_count=5 36 13 5 43 17 9
internal_value=-0.00078125 -0.0173913 0.0113636 -0.04375 0.0306452 0.0142857
internal_weight=128 92 44 48 31 14
internal_count=128 92 44 48 31 14
is_linear=0
shrinkage=0.1


Tree=6
num_leaves=7
num_cat=0
split_feature=0 1 0 2 1 2
split_gain=8.57356 3.10716 2.90909 2 1.85606 1.04727
threshold=-0.176599629709673 -0.19156345871722549 0.9590291676410313 -0.42221485603180714 0.96154693085029541 -1.8115572662113324
decision_type=2 2 2 2 2 2
left_child=4 2 3 -2 5 -1
right_child=1 -3 -4 -5 -6 -7
leaf_value=0.010829839961925991 0.0095587272584423885 0.088963621176159385 0.05190558106307909 -0.012153199490594305 0.029738894641807678 -0.033844337931597135
leaf_weight=4.9999999999999991 6.0000000000000027 35 8.9999999999999982 18 4.9999999999999991 50
leaf_count=5 6 35 9 18 5 50
internal_value=-0.00078125 0.0235294 0.00151515 -0.0166667 -0.0283333 -0.0336364
internal_weight=128 68 33 24 60 55
internal_count=128 68 33 24 60 55
is_linear=0
shrinkage=0.1


Tree=7
num_leaves=7
num_cat=0
split_feature=0 1 0 2 1 2
split_gain=6.08565 5.56971 2.93956 2.5037 1.68421 1.20301
threshold=0.9590291676410313 -0.21658645662688827 -0.6457132944542584 -1.1267188496854188 0.32675775603878104 -0.77983945874503735
decision_type=2 2 2 2 2 2
left_child=1 3 -3 -1 5 -4
right_child=-2 2 4 -5 -6 -7
leaf_value=0.0023857399721714163 0.08006725905854345 -0.0073093139969801994 0.0064723095354670248 -0.039910593096605454 0.041713090392599406 -0.00078163033933243494
leaf_weight=8.9999999999999982 21 14.999999999999998 4.9999999999999991 45 19 14.000000000000002
leaf_count=9 21 15 5 45 19 14
internal_value=0.00078125 -0.0088785 0.0141509 -0.0314815 0.0289474 0.00789474
internal_weight=128 107 53 54 38 19
internal_count=128 107 53 54 38 19
is_linear=0
shrinkage=0.1


Tree=8
num_leaves=7
num_cat=0
split_feature=0 1 0 1 3 2
split_gain=5.76977 4.51762 2.54423 2.12104 1.4881 1.40925
threshold=0.10793919612368959 -0.21658645662688827 -0.6457132944542584 -0.93627964306308098 0.55164499560715619 -1.3247076007250842
decision_type=2 2 2 2 2 2
left_child=1 5 -3 4 -2 -1
right_child=3 2 -4 -5 -6 -7
leaf_value=0.0021471659749542739 0.00055130197294722824 -0.0065783825972821793 0.012010428740574548 0.053420570121248505 -0.017692436522491972 -0.055041887110718293
leaf_weight=4.9999999999999991 6.9999999999999982 14.999999999999998 24 39 5 33
leaf_count=5 7 15 24 39 5 33
internal_value=0.00234375 -0.0149351 0.00897436 0.0284314 -0.00833333 -0.0394737
internal_weight=128 77 39 51 12 38
internal_count=128 77 39 51 12 38
is_linear=0
shrinkage=0.1


Tree=9
num_leaves=7
num_cat=0
split_feature=0 1 0 1 1 0
split_gain=5.21392 5.74707 4.0017 1.13131 1.63636 1.07692
threshold=0.25958277907555311 -0.42964195659544685 -0.6457132944542584 0.38369248717489329 -0.059677630109392775 0.96618437647484268
decision_type=2 2 2 2 2 2
left_child=1 -1 -3 4 -4 -2
right_child=5 2 3 -5 -6 -7
leaf_value=-0.045338879558546812 0.010016198074941265 -0.019480169657019309 0.0046504429547513217 0.032743511673519056 -0.0015020024438333281 0.078132461631363212
leaf_weight=34 21 19 11 13.999999999999998 11 18
leaf_count=34 21 19 11 14 11 18
internal_value=0.0015625 -0.0117978 0.00818182 0.0277778 0.0136364 0.0320513
internal_weight=128 89 55 36 22 39
internal_count=128 89 55 36 22 39
is_linear=0
shrinkage=0.1


Tree=10
num_leaves=7
num_cat=0
split_feature=1 0 2 1 0 0
split_gain=5.14927 4.50189 4.45789 1.56444 1.68 1.42544
threshold=-0.55323166254171408 -1.2293657862504987 -1.1267188496854188 0.566188742739132 -0.43458507266752561 0.25958277907555311
decision_type=2 2 2 2 2 2
left_child=2 -2 -1 4 -3 -4
right_child=1 3 5 -5 -6 -7
leaf_value=0.0090145782674471379 -0.051746132956950297 -0.0033030141433163795 -0.046188939962859069 0.056975167038774845 0.010621612537252911 -0.0024794368032396196
leaf_weight=6.9999999999999991 10.999999999999998 14.999999999999998 26 22 35 11.999999999999998
leaf_count=7 11 15 26 22 35 12
internal_value=0.00390625 0.0186747 -0.0233333 0.0277778 0.018 -0.0368421
internal_weight=128 83 45 72 50 38
internal_count=128 83 45 72 50 38
is_linear=0
shrinkage=0.1


Tree=11
num_leaves=7
num_cat=0
split_feature=1 0 0 2 1 0
split_gain=5.09295 3.07758 3.02931 3.00036 1.78065 1.56481
threshold=-0.42964195659544685 1.177110996701271 -0.6457132944542584 -1.1988007669113363 0.45881865077127049 0.73419105969855625
decision_type=2 2 2 2 2 2
left_child=1 3 -2 -1 5 -4
right_child=2 -3 4 -5 -6 -7
leaf_value=0.0068389999736356193 -0.017201851276985747 0.033131041711561074 0.00012709205680639936 -0.023561182546915582 0.079304113528562925 0.045850551251763683
leaf_weight=5.9999999999999991 19 4.9999999999999991 27 40 22 8.9999999999999982
leaf_count=6 19 5 27 40 22 9
internal_value=0 -0.0245098 0.0162338 -0.0326087 0.0275862 0.0138889
internal_weight=128 51 77 46 58 36
internal_count=128 51 77 46 58 36
is_linear=0
shrinkage=0.1


end of trees

feature_importances:
Column_0=30
Column_1=28
Column_2=13
Column_3=1

parameters:
[boosting: gbdt]
[objective: quantile]
[metric: quantile]
[tree_learner: serial]
[device_type: cpu]
[data_sample_strategy: bagging]
[data: ]
[valid: ]
[num_iterations: 12]
[learning_rate: 0.1]
[num_leaves: 7]
[num_threads: 1]
[seed: 7]
[deterministic: 1]
[force_col_wise: 1]
[force_row_wise: 0]
[histogram_pool_size: -1]
[max_depth: -1]
[min_data_in_leaf: 5]
[min_sum_hessian_in_leaf: 0.001]
[bagging_fraction: 1]
[pos_bagging_fraction: 1]
[neg_bagging_fraction: 1]
[bagging_freq: 0]
[bagging_seed: 17422]
[bagging_by_query: 0]
[feature_fraction: 1]
[feature_fraction_bynode: 1]
[feature_fraction_seed: 7040]
[extra_trees: 0]
[extra_seed: 6516]
[early_stopping_round: 0]
[early_stopping_min_delta: 0]
[first_metric_only: 0]
[max_delta_step: 0]
[lambda_l1: 0]
[lambda_l2: 0]
[linear_lambda: 0]
[min_gain_to_split: 0]
[drop_rate: 0.1]
[max_drop: 50]
[skip_drop: 0.5]
[xgboost_dart_mode: 0]
[uniform_drop: 0]
[drop_seed: 15215]
[top_rate: 0.2]
[other_rate: 0.1]
[min_data_per_group: 100]
[max_cat_threshold: 32]
[cat_l2: 10]
[cat_smooth: 10]
[max_cat_to_onehot: 4]
[top_k: 20]
[monotone_constraints: ]
[monotone_constraints_method: basic]
[monotone_penalty: 0]
[feature_contri: ]
[forcedsplits_filename: ]
[refit_decay_rate: 0.9]
[cegb_tradeoff: 1]
[cegb_penalty_split: 0]
[cegb_penalty_feature_lazy: ]
[cegb_penalty_feature_coupled: ]
[path_smooth: 0]
[interaction_constraints: ]
[verbosity: -1]
[saved_feature_importance_type: 0]
[use_quantized_grad: 0]
[num_grad_quant_bins: 4]
[quant_train_renew_leaf: 0]
[stochastic_rounding: 1]
[linear_tree: 0]
[max_bin: 255]
[max_bin_by_feature: ]
[min_data_in_bin: 3]
[bin_construct_sample_cnt: 200000]
[data_random_seed: 61]
[is_enable_sparse: 1]
[enable_bundle: 1]
[use_missing: 1]
[zero_as_missing: 0]
[feature_pre_filter: 1]
[pre_partition: 0]
[two_round: 0]
[header: 0]
[label_column: ]
[weight_column: ]
[group_column: ]
[ignore_column: ]
[categorical_feature: ]
[forcedbins_filename: ]
[precise_float_parser: 0]
[parser_config_file: ]
[objective_seed: 15521]
[num_class: 1]
[is_unbalance: 0]
[scale_pos_weight: 1]
[sigmoid: 1]
[boost_from_average: 1]
[reg_sqrt: 0]
[alpha: 0.5]
[fair_c: 1]
[poisson_max_delta_step: 0.7]
[tweedie_variance_power: 1.5]
[lambdarank_truncation_level: 30]
[lambdarank_norm: 1]
[label_gain: ]
[lambdarank_position_bias_regularization: 0]
[eval_at: ]
[multi_error_top_k: 1]
[auc_mu_weights: ]
[num_machines: 1]
[local_listen_port: 12400]
[time_out: 120]
[machine_list_filename: ]
[machines: ]
[gpu_platform_id: -1]
[gpu_device_id: -1]
[gpu_use_dp: 0]
[num_gpu: 1]

end of parameters

pandas_categorical:null
